10
33
15
34
86
13
26
24
34
13
20
16
16
19
86
40
35
20
12
16
35
81
22
26
12
25
30
30
22
27
52
38
10
32
18
44
29
14
97
29
37
61
17
30
27
23
11
30
11
33
36
54
17
17
17
27
40
36
40
10
13
17
98
28
27
18
18
37
24
93
29
84
19
17
27
29
14
18
35
41
19
19
34
32
18
11
15
12
25
16
15
15
76
40
38
64
31
38
23
34
84
63
30
68
70
16
31
39
30
90
15
15
24
33
26
49
94
21
37
32
74
27
17
15
24
25
31
11
30
12
33
39
29
37
26
33
33
58
33
37
20
44
22
21
27
32
21
40
33
73
13
41
41
64
28
65
39
34
68
33
37
36
44
32
37
20
33
78
17
26
33
36
46
40
37
83
26
73
28
17
38
22
26
17
13
25
21
16
10
19
26
92
29
36
16
38
40
41
31
62
33
21
25
70
11
10
42
